8392000
8517006
43381005
53896009
56578002
56771006
59978006
65568007
77176002
81703003
82302008
87739003
105539002
105540000
105541001
134406006
160603005
160604004
160605003
160606002
160612007
160613002
160614008
160616005
160617001
160618006
160619003
160620009
160621008
228509002
228511006
228512004
228513009
228514003
228515002
228516001
228517005
228518000
230059006
230060001
230062009
230063004
230064005
230065006
266919005
266920004
266921000
266922007
266923002
266924008
266925009
266927001
266928006
266929003
281018007
308438006
360890004
360900008
360918006
360929005
365981007
365982000
394871007
394872000
394873005
405746006
446172000
449345000
449368009
449369001
449868002
735128000
1092031000000108
1092041000000104
1092071000000105
1092091000000109
1092111000000104
1092131000000107
48031000119106
203191000000107
492191000000103
428041000124106
517211000000106
160625004
228486009
228487000
228488005
228500003
228510007
228519008
228520002
228521003
228522005
230056004
230057008
230058003
266918002
363907005
390902009
390903004
390904005
395177003
401159003
401201003
413173009
735112005
864091000000103
836001000000109
1092481000000104
766931000000106
26663004
66562002
81911001
84498003
94151000119101
1104241000000108
443877004
698289004
221000119102
16077171000119107