6497000
35425004
48499001
162863004
162864005
301331008
310252000
408512008
412768003
427090001
450451007
722595002
920141000000102
920161000000101
920181000000105
920201000000109
920231000000103
920251000000105
920271000000101
920291000000102
920311000000101
920841000000108
920931000000108
920951000000101
920971000000105
920991000000109
921011000000105
921031000000102
921051000000109
914721000000105
914731000000107
914741000000103
443371000124107
443381000124105
60621009
846931000000101
852451000000103
852461000000100
446974000
846911000000109
896691000000102
926011000000101
722562008
722563003
705131003
43991000119102
698094009
444862003